   5.9391020e+02   2.4185896e+02   4.9820375e+02   1.1947554e+02
   6.9167654e+02   2.2348325e+02   6.3422704e+02   1.0346489e+02
   4.0176969e+02   4.1629915e+02   4.9032681e+02   3.4271987e+02
   3.9921286e+02   5.3317832e+02   4.8927171e+02   5.2468720e+02
   3.6717117e+02   5.2529948e+02   4.2023843e+02   5.1299188e+02
   2.4410856e+02   4.3622500e+02   1.1767038e+02   3.7818554e+02
   2.7657076e+02   4.3786627e+02   1.6722254e+02   3.7337897e+02
   5.8657482e+02   3.9925761e+02   5.1902096e+02   3.0797992e+02
   5.4663009e+02   3.9862494e+02   4.6768229e+02   3.0687830e+02
   6.7623356e+02   3.5141554e+02   6.2630549e+02   2.5115929e+02
   3.7218609e+02   2.7150757e+02   2.3018390e+02   1.4361608e+02
   4.8514624e+02   3.5502747e+02   3.7591335e+02   2.5287318e+02
   6.8532744e+02   2.7964128e+02   6.2513316e+02   1.6958775e+02
   3.7937813e+02   4.2884311e+02   4.5328109e+02   3.6276677e+02
   4.2570759e+02   5.2766835e+02   5.1307007e+02   5.1003304e+02
   3.9897840e+02   5.1301419e+02   4.8669258e+02   4.9514441e+02
   3.2154338e+02   3.1854162e+02   1.6496073e+02   2.0482649e+02
   8.2314947e+02   3.3668464e+02   8.4773564e+02   2.3668347e+02
   8.2748710e+02   2.9870106e+02   8.5617644e+02   1.9248652e+02
